# time[fs] length[Å] length[Å] angle[deg]
 0   0.970   0.970   104.034   
 1   0.967   1.002   103.518   
 2   0.968   1.021   102.929   
 3   0.970   1.019   102.339   
 4   0.974   0.996   101.821   
 5   0.977   0.963   101.452   
 6   0.978   0.935   101.290   
 7   0.975   0.927   101.349   
 8   0.970   0.946   101.585   
 9   0.966   0.979   101.929   
10   0.964   1.009   102.330   
11   0.967   1.022   102.753   
12   0.972   1.015   103.191   
13   0.977   0.989   103.640   
14   0.979   0.955   104.093   
15   0.976   0.930   104.513   
16   0.970   0.929   104.829   
17   0.963   0.952   104.967   
18   0.960   0.985   104.895   
19   0.961   1.011   104.630   
20   0.968   1.019   104.218   
21   0.976   1.007   103.724   
22   0.982   0.980   103.207   
23   0.982   0.948   102.727   
24   0.977   0.930   102.330   
25   0.968   0.936   102.043   
26   0.960   0.962   101.875   
27   0.958   0.993   101.825   
28   0.963   1.014   101.890   
29   0.972   1.017   102.068   
30   0.981   1.001   102.361   
31   0.985   0.972   102.768   
32   0.982   0.944   103.272   
33   0.973   0.931   103.821   
34   0.962   0.941   104.338   
35   0.954   0.968   104.744   
36   0.955   0.995   104.998   
37   0.963   1.011   105.092   
38   0.975   1.009   105.038   
39   0.984   0.990   104.864   
40   0.987   0.963   104.593   
41   0.981   0.940   104.250   
42   0.969   0.934   103.856   
43   0.957   0.949   103.445   
44   0.952   0.976   103.055   
45   0.956   1.000   102.726   
46   0.968   1.010   102.488   
47   0.981   1.004   102.360   
48   0.989   0.983   102.360   
49   0.989   0.958   102.495   
50   0.979   0.940   102.764   
51   0.965   0.940   103.141   
52   0.953   0.957   103.576   
53   0.950   0.981   104.019   
54   0.957   1.000   104.417   
55   0.971   1.005   104.742   
56   0.985   0.995   104.975   
57   0.990   0.974   105.109   
58   0.986   0.951   105.134   
59   0.974   0.939   105.043   
60   0.959   0.945   104.844   
61   0.949   0.964   104.555   
62   0.950   0.985   104.211   
63   0.962   0.999   103.846   
64   0.978   1.000   103.493   
65   0.990   0.988   103.178   
66   0.993   0.968   102.924   
67   0.985   0.950   102.758   
68   0.970   0.944   102.699   
69   0.955   0.952   102.764   
70   0.947   0.970   102.948   
71   0.952   0.988   103.222   
72   0.966   0.997   103.552   
73   0.982   0.994   103.901   
74   0.992   0.980   104.241   
75   0.992   0.962   104.547   
76   0.981   0.948   104.799   
77   0.964   0.946   104.977   
78   0.950   0.957   105.062   
79   0.946   0.974   105.048   
80   0.954   0.988   104.938   
81   0.971   0.993   104.742   
82   0.987   0.987   104.477   
83   0.995   0.973   104.160   
84   0.991   0.958   103.817   
85   0.977   0.950   103.478   
86   0.959   0.952   103.186   
87   0.947   0.964   102.978   
88   0.948   0.979   102.879   
89   0.960   0.989   102.893   
90   0.978   0.990   103.005   
91   0.992   0.982   103.198   
92   0.995   0.969   103.453   
93   0.988   0.956   103.755   
94   0.971   0.951   104.084   
95   0.954   0.956   104.419   
96   0.944   0.968   104.729   
97   0.949   0.980   104.980   
98   0.964   0.986   105.145   
99   0.982   0.985   105.209   
100   0.994   0.976   105.166   
101   0.994   0.964   105.016   
102   0.983   0.955   104.772   
103   0.965   0.954   104.456   
104   0.949   0.961   104.103   
105   0.944   0.972   103.754   
106   0.953   0.982   103.443   
107   0.971   0.985   103.193   
108   0.989   0.982   103.018   
109   0.998   0.973   102.919   
110   0.994   0.963   102.908   
111   0.979   0.957   102.989   
112   0.960   0.958   103.172   
113   0.945   0.965   103.447   
114   0.944   0.975   103.789   
115   0.957   0.981   104.152   
116   0.977   0.982   104.495   
117   0.993   0.977   104.782   
118   0.998   0.968   104.990   
119   0.990   0.961   105.105   
120   0.972   0.958   105.125   
121   0.952   0.961   105.051   
122   0.941   0.968   104.896   
123   0.946   0.975   104.674   
124   0.963   0.980   104.403   
125   0.983   0.979   104.103   
126   0.997   0.974   103.792   
127   0.999   0.967   103.489   
128   0.987   0.962   103.221   
129   0.967   0.962   103.024   
130   0.948   0.965   102.929   
131   0.941   0.971   102.955   
132   0.950   0.976   103.095   
133   0.970   0.978   103.321   
134   0.989   0.976   103.598   
135   1.000   0.971   103.894   
136   0.997   0.966   104.186   
137   0.981   0.963   104.459   
138   0.960   0.964   104.699   
139   0.943   0.967   104.892   
140   0.941   0.971   105.014   
141   0.954   0.974   105.045   
142   0.976   0.974   104.974   
143   0.994   0.972   104.804   
144   1.001   0.969   104.547   
145   0.993   0.967   104.223   
146   0.975   0.966   103.866   
147   0.954   0.967   103.519   
148   0.941   0.970   103.222   
149   0.944   0.972   103.007   
150   0.962   0.973   102.886   
151   0.983   0.973   102.863   
152   0.999   0.971   102.924   
153   1.001   0.969   103.061   
154   0.990   0.969   103.270   
155   0.969   0.969   103.543   
156   0.949   0.969   103.873   
157   0.940   0.970   104.230   
158   0.947   0.970   104.574   
159   0.967   0.970   104.856   
160   0.988   0.969   105.046   
161   1.000   0.969   105.125   
162   0.998   0.969   105.089   
163   0.983   0.970   104.951   
164   0.961   0.971   104.724   
165   0.944   0.971   104.436   
166   0.940   0.970   104.113   
167   0.953   0.969   103.783   
168   0.975   0.968   103.474   
169   0.994   0.968   103.211   
170   1.002   0.970   103.007   
171   0.995   0.972   102.881   
172   0.977   0.974   102.850   
173   0.956   0.974   102.930   
174   0.942   0.972   103.120   
175   0.943   0.969   103.400   
176   0.959   0.966   103.731   
177   0.981   0.965   104.070   
178   0.997   0.966   104.377   
179   1.000   0.970   104.627   
180   0.990   0.974   104.806   
181   0.970   0.976   104.904   
182   0.949   0.974   104.922   
183   0.940   0.970   104.854   
184   0.947   0.966   104.700   
185   0.966   0.963   104.472   
186   0.986   0.963   104.189   
187   0.999   0.967   103.878   
188   0.998   0.973   103.562   
189   0.984   0.978   103.275   
190   0.964   0.979   103.043   
191   0.946   0.976   102.897   
192   0.942   0.970   102.853   
193   0.953   0.964   102.914   
194   0.973   0.961   103.067   
195   0.991   0.963   103.288   
196   1.000   0.969   103.553   
197   0.994   0.976   103.836   
198   0.978   0.980   104.123   
199   0.957   0.980   104.395   
