# time[fs] length[A] length[A] length[A] length[A] angle[deg] angle[deg] angle[deg]
    0   1.090   1.090   1.090   109.471   109.471   109.471
    1   1.099   1.045   1.104   111.878   111.809   105.288
    2   1.107   1.024   1.115   113.806   113.686   101.845
    3   1.114   1.032   1.121   115.469   115.326   98.721
    4   1.117   1.068   1.121   116.728   116.603   96.191
    5   1.115   1.118   1.113   117.509   117.445   94.495
    6   1.109   1.162   1.102   117.752   117.785   93.892
    7   1.100   1.191   1.090   117.423   117.578   94.585
    8   1.092   1.195   1.081   116.506   116.789   96.705
    9   1.087   1.173   1.080   115.028   115.440   100.189
   10   1.087   1.132   1.087   113.385   113.911   103.993
   11   1.091   1.084   1.098   111.687   112.317   107.727
   12   1.097   1.043   1.109   110.011   110.725   111.136
   13   1.102   1.026   1.115   108.361   109.123   114.191
   14   1.107   1.036   1.116   106.504   107.274   117.316
   15   1.109   1.071   1.112   104.547   105.268   120.349
   16   1.107   1.113   1.104   102.933   103.557   122.665
   17   1.103   1.152   1.095   101.619   102.102   124.392
   18   1.096   1.178   1.086   100.634   100.937   125.550
   19   1.088   1.184   1.080   100.101   100.197   126.050
   20   1.082   1.166   1.080   100.119   99.992   125.812
   21   1.081   1.127   1.086   100.741   100.382   124.747
   22   1.085   1.079   1.096   101.892   101.323   122.880
   23   1.094   1.041   1.106   103.286   102.586   120.550
   24   1.106   1.023   1.115   104.966   104.223   117.565
   25   1.117   1.030   1.120   106.783   106.101   114.089
   26   1.123   1.061   1.119   108.417   107.871   110.753
   27   1.121   1.101   1.111   109.865   109.489   107.691
   28   1.114   1.136   1.101   111.142   110.936   104.996
   29   1.102   1.158   1.090   112.350   112.302   102.565
   30   1.089   1.164   1.081   113.573   113.677   100.327
   31   1.077   1.149   1.077   114.718   114.971   98.520
   32   1.074   1.115   1.082   115.625   116.050   97.400
   33   1.079   1.068   1.093   116.107   116.760   97.178
   34   1.092   1.030   1.108   115.990   116.927   97.946
   35   1.108   1.016   1.120   115.202   116.500   99.768
   36   1.121   1.037   1.127   113.763   115.457   102.588
   37   1.127   1.079   1.126   112.093   114.089   105.694
   38   1.124   1.123   1.118   110.406   112.580   108.763
   39   1.115   1.154   1.106   108.821   111.051   111.601
   40   1.101   1.168   1.093   107.274   109.448   114.332
   41   1.085   1.163   1.081   105.761   107.757   116.977
   42   1.073   1.139   1.075   104.443   106.131   119.268
   43   1.070   1.102   1.077   103.488   104.748   120.922
   44   1.075   1.065   1.086   102.927   103.644   121.882
   45   1.089   1.037   1.099   102.699   102.739   122.234
   46   1.108   1.030   1.114   102.749   102.052   122.000
   47   1.127   1.047   1.127   103.005   101.627   121.222
   48   1.139   1.083   1.133   103.424   101.529   119.925
   49   1.142   1.124   1.130   103.966   101.817   118.262
   50   1.132   1.155   1.118   104.642   102.486   116.330
   51   1.114   1.171   1.102   105.506   103.542   114.117
   52   1.092   1.166   1.084   106.583   104.957   111.675
   53   1.073   1.143   1.072   107.836   106.639   109.134
   54   1.064   1.108   1.069   109.147   108.425   106.699
   55   1.067   1.072   1.076   110.369   110.154   104.551
   56   1.081   1.044   1.090   111.411   111.752   102.776
   57   1.102   1.035   1.108   112.228   113.196   101.408
   58   1.123   1.050   1.124   112.764   114.401   100.565
   59   1.138   1.084   1.132   112.999   115.253   100.363
   60   1.141   1.122   1.132   112.972   115.739   100.794
   61   1.133   1.153   1.123   112.700   115.888   101.856
   62   1.115   1.169   1.107   112.177   115.703   103.541
   63   1.091   1.165   1.090   111.412   115.192   105.729
   64   1.071   1.141   1.077   110.462   114.404   108.158
   65   1.062   1.104   1.073   109.432   113.427   110.496
   66   1.066   1.067   1.078   108.430   112.334   112.512
   67   1.081   1.041   1.089   107.496   111.108   114.200
   68   1.103   1.035   1.102   106.619   109.673   115.645
   69   1.123   1.053   1.114   105.836   108.076   116.810
   70   1.136   1.088   1.120   105.223   106.514   117.586
   71   1.138   1.125   1.120   104.793   105.097   117.946
   72   1.128   1.157   1.113   104.543   103.856   117.880
   73   1.110   1.174   1.101   104.494   102.846   117.343
   74   1.085   1.172   1.087   104.692   102.175   116.296
   75   1.065   1.149   1.075   105.155   101.956   114.778
   76   1.056   1.111   1.071   105.831   102.239   112.933
   77   1.063   1.072   1.076   106.605   102.990   110.954
   78   1.082   1.044   1.088   107.359   104.127   108.986
   79   1.107   1.037   1.105   108.004   105.531   107.138
   80   1.130   1.051   1.120   108.499   107.039   105.545
   81   1.142   1.082   1.128   108.883   108.504   104.323
   82   1.141   1.116   1.128   109.235   109.871   103.498
   83   1.129   1.144   1.120   109.614   111.151   103.054
   84   1.109   1.158   1.107   110.032   112.349   102.988
   85   1.085   1.154   1.091   110.465   113.443   103.305
   86   1.065   1.133   1.079   110.854   114.393   103.988
   87   1.057   1.099   1.073   111.106   115.127   104.993
   88   1.064   1.061   1.077   111.135   115.554   106.261
   89   1.083   1.034   1.089   110.905   115.598   107.766
   90   1.109   1.029   1.104   110.410   115.192   109.550
   91   1.132   1.052   1.117   109.719   114.335   111.491
   92   1.144   1.090   1.124   108.985   113.181   113.300
   93   1.143   1.129   1.123   108.274   111.845   114.863
   94   1.131   1.157   1.115   107.597   110.376   116.138
   95   1.110   1.169   1.103   106.991   108.860   117.029
   96   1.088   1.161   1.089   106.517   107.423   117.423
   97   1.070   1.136   1.079   106.229   106.178   117.273
   98   1.063   1.101   1.074   106.140   105.187   116.610
   99   1.068   1.064   1.077   106.214   104.453   115.506
  100   1.085   1.038   1.087   106.380   103.959   114.013
  101   1.109   1.033   1.101   106.547   103.713   112.221
  102   1.131   1.053   1.116   106.643   103.737   110.286
  103   1.145   1.088   1.126   106.672   104.030   108.454
  104   1.146   1.126   1.127   106.710   104.588   106.773
  105   1.134   1.158   1.121   106.839   105.421   105.239
  106   1.113   1.174   1.108   107.125   106.525   103.911
  107   1.088   1.169   1.093   107.590   107.834   102.906
  108   1.067   1.146   1.081   108.197   109.236   102.328
  109   1.059   1.109   1.075   108.852   110.603   102.217
  110   1.065   1.070   1.079   109.451   111.825   102.557
  111   1.082   1.041   1.089   109.933   112.835   103.313
  112   1.104   1.032   1.103   110.275   113.589   104.488
  113   1.124   1.049   1.115   110.469   114.013   106.027
  114   1.135   1.083   1.122   110.543   114.083   107.748
  115   1.135   1.121   1.122   110.534   113.846   109.569
  116   1.124   1.152   1.116   110.448   113.329   111.522
  117   1.104   1.170   1.104   110.278   112.544   113.583
  118   1.082   1.168   1.090   110.022   111.552   115.567
  119   1.065   1.145   1.079   109.705   110.476   117.184
  120   1.061   1.109   1.075   109.368   109.456   118.208
  121   1.071   1.071   1.078   109.037   108.555   118.607
  122   1.090   1.043   1.087   108.695   107.740   118.489
  123   1.112   1.034   1.098   108.280   106.949   117.953
  124   1.132   1.050   1.108   107.764   106.204   117.074
  125   1.142   1.083   1.115   107.200   105.610   115.938
  126   1.139   1.119   1.115   106.651   105.233   114.564
  127   1.126   1.150   1.110   106.157   105.101   112.903
  128   1.104   1.168   1.101   105.763   105.243   110.916
  129   1.081   1.167   1.090   105.527   105.685   108.659
  130   1.064   1.147   1.080   105.489   106.409   106.312
  131   1.061   1.112   1.077   105.641   107.341   104.155
  132   1.072   1.073   1.080   105.939   108.377   102.447
  133   1.093   1.043   1.090   106.346   109.444   101.300
  134   1.117   1.032   1.103   106.842   110.484   100.751
  135   1.136   1.046   1.116   107.410   111.383   100.839
  136   1.143   1.079   1.123   108.021   112.030   101.495
  137   1.137   1.114   1.124   108.664   112.429   102.585
  138   1.121   1.142   1.118   109.342   112.617   104.044
  139   1.098   1.157   1.107   110.043   112.609   105.831
  140   1.075   1.154   1.094   110.726   112.414   107.850
  141   1.060   1.133   1.084   111.332   112.053   109.949
  142   1.058   1.100   1.078   111.794   111.562   111.943
  143   1.071   1.065   1.080   112.063   110.964   113.704
  144   1.093   1.038   1.087   112.121   110.246   115.250
  145   1.119   1.032   1.097   111.939   109.361   116.669
  146   1.139   1.052   1.108   111.516   108.372   117.896
  147   1.146   1.087   1.114   110.932   107.453   118.752
  148   1.141   1.124   1.115   110.252   106.695   119.165
  149   1.123   1.153   1.111   109.496   106.129   119.091
  150   1.099   1.167   1.103   108.684   105.794   118.466
  151   1.076   1.161   1.093   107.860   105.736   117.263
  152   1.062   1.139   1.084   107.072   105.968   115.554
  153   1.063   1.105   1.079   106.357   106.451   113.514
  154   1.076   1.070   1.080   105.722   107.111   111.332
  155   1.098   1.045   1.086   105.148   107.885   109.096
  156   1.122   1.038   1.096   104.629   108.724   106.850
  157   1.142   1.054   1.108   104.246   109.539   104.774
  158   1.149   1.086   1.116   104.130   110.256   103.091
  159   1.143   1.121   1.118   104.348   110.886   101.863
  160   1.125   1.150   1.115   104.918   111.461   101.086
  161   1.100   1.164   1.107   105.829   111.979   100.788
  162   1.075   1.160   1.098   107.008   112.400   101.010
  163   1.059   1.137   1.090   108.309   112.667   101.732
  164   1.058   1.104   1.086   109.556   112.738   102.861
  165   1.072   1.069   1.087   110.631   112.591   104.287
  166   1.093   1.044   1.092   111.519   112.204   105.975
  167   1.116   1.038   1.099   112.232   111.534   107.977
  168   1.134   1.054   1.107   112.740   110.600   110.222
  169   1.140   1.087   1.111   113.009   109.536   112.460
  170   1.134   1.121   1.112   113.058   108.449   114.548
  171   1.116   1.149   1.109   112.899   107.383   116.448
  172   1.092   1.163   1.104   112.527   106.398   118.054
  173   1.070   1.159   1.097   111.947   105.608   119.182
  174   1.058   1.137   1.091   111.189   105.137   119.675
  175   1.062   1.105   1.086   110.305   105.048   119.521
  176   1.078   1.071   1.086   109.325   105.311   118.844
  177   1.101   1.048   1.088   108.207   105.864   117.749
  178   1.124   1.042   1.094   106.906   106.656   116.279
  179   1.141   1.057   1.100   105.532   107.575   114.547
  180   1.145   1.087   1.105   104.334   108.478   112.725
  181   1.137   1.119   1.107   103.461   109.320   110.862
  182   1.118   1.145   1.106   102.967   110.127   108.912
  183   1.094   1.158   1.102   102.890   110.930   106.849
  184   1.072   1.155   1.096   103.250   111.729   104.731
  185   1.060   1.135   1.091   104.009   112.484   102.743
  186   1.064   1.103   1.087   105.035   113.106   101.176
  187   1.080   1.071   1.088   106.189   113.510   100.246
  188   1.103   1.047   1.092   107.417   113.640   100.016
  189   1.125   1.041   1.099   108.718   113.444   100.502
  190   1.139   1.056   1.105   110.010   112.909   101.657
  191   1.140   1.085   1.109   111.160   112.129   103.280
  192   1.129   1.115   1.111   112.127   111.191   105.199
  193   1.109   1.138   1.110   112.916   110.125   107.353
  194   1.085   1.149   1.106   113.512   108.952   109.686
  195   1.064   1.144   1.101   113.868   107.731   112.070
  196   1.055   1.124   1.096   113.925   106.590   114.283
  197   1.062   1.095   1.092   113.662   105.689   116.085
  198   1.081   1.067   1.091   113.101   105.117   117.398
  199   1.105   1.049   1.091   112.244   104.870   118.312
  200   1.128   1.049   1.094   111.066   104.930   118.915
