# time[fs] length[Å] length[Å] angle[deg]
 0   0.957   0.957   104.512   
 1   0.971   0.971   103.612   
 2   0.969   0.969   103.811   
 3   0.969   0.969   103.828   
 4   0.969   0.969   103.859   
 5   0.969   0.969   104.066   
 6   0.969   0.969   104.060   
 7   0.969   0.969   104.013   
 8   0.969   0.969   103.808   
 9   0.969   0.969   103.808   
10   0.970   0.970   103.787   
11   0.970   0.969   103.796   
12   0.969   0.969   103.817   
13   0.970   0.970   103.783   
14   0.970   0.970   103.785   
