# time[fs] length[A] angle[deg]
    0   1.201   109.440
   10   1.057   110.166
   20   1.074   109.691
   30   1.164   108.511
   40   1.106   107.629
   50   1.068   111.570
   60   1.062   110.292
   70   1.071   106.437
   80   1.080   112.688
   90   1.100   105.468
  100   1.121   109.985
  110   1.109   111.030
  120   1.108   105.122
  130   1.102   113.129
  140   1.108   108.353
  150   1.107   107.398
  160   1.116   112.069
  170   1.131   107.733
  180   1.124   107.568
  190   1.112   113.790
  200   1.091   104.510
  210   1.080   110.488
  220   1.058   112.793
  230   1.050   102.286
  240   1.059   115.560
  250   1.067   106.334
  260   1.091   107.310
  270   1.099   114.039
  280   1.117   104.382
  290   1.131   111.442
  300   1.133   109.231
  310   1.141   107.394
  320   1.137   109.934
  330   1.133   109.809
  340   1.121   106.127
  350   1.103   112.568
  360   1.088   107.386
  370   1.079   108.045
  380   1.068   112.977
  390   1.062   104.743
  400   1.063   112.259
  410   1.060   108.514
  420   1.069   107.935
  430   1.077   110.582
  440   1.086   108.955
  450   1.104   107.338
  460   1.115   110.566
  470   1.131   109.252
  480   1.139   105.995
  490   1.140   113.965
  500   1.142   104.167
  510   1.134   111.522
  520   1.119   110.491
  530   1.109   105.167
  540   1.092   113.526
  550   1.079   106.895
  560   1.068   108.332
  570   1.056   112.244
  580   1.055   106.754
  590   1.063   108.901
  600   1.063   112.797
  610   1.077   103.675
  620   1.090   113.332
  630   1.102   108.891
  640   1.119   105.005
  650   1.124   115.131
  660   1.134   104.206
  670   1.137   110.361
  680   1.133   111.592
  690   1.133   104.834
  700   1.121   112.097
  710   1.112   109.227
  720   1.102   105.694
  730   1.086   113.768
  740   1.073   106.047
  750   1.068   108.557
  760   1.057   113.040
  770   1.060   104.335
  780   1.065   112.413
  790   1.072   108.910
  800   1.089   106.762
