# time[fs] length[Å] length[Å] angle[deg]
 0   0.957   0.957   104.512   
 1   0.958   0.993   103.959   
 2   0.966   1.018   103.303   
 3   0.977   1.023   102.623   
 4   0.985   1.006   101.993   
 5   0.988   0.974   101.483   
 6   0.983   0.942   101.153   
 7   0.972   0.926   101.033   
 8   0.961   0.937   101.111   
 9   0.955   0.968   101.339   
10   0.958   1.001   101.674   
11   0.968   1.021   102.084   
12   0.981   1.020   102.552   
13   0.989   0.999   103.065   
14   0.988   0.966   103.608   
15   0.980   0.936   104.148   
16   0.966   0.926   104.610   
17   0.953   0.943   104.909   
18   0.949   0.974   104.991   
19   0.956   1.003   104.857   
20   0.971   1.018   104.550   
21   0.985   1.012   104.125   
22   0.993   0.988   103.636   
23   0.990   0.957   103.128   
24   0.978   0.934   102.641   
25   0.962   0.932   102.218   
26   0.950   0.953   101.890   
27   0.949   0.983   101.685   
28   0.960   1.008   101.611   
29   0.977   1.017   101.662   
30   0.992   1.007   101.828   
31   0.997   0.982   102.112   
32   0.990   0.953   102.508   
33   0.974   0.934   102.998   
34   0.956   0.937   103.523   
35   0.945   0.959   104.012   
36   0.947   0.987   104.398   
37   0.962   1.007   104.643   
38   0.981   1.010   104.742   
39   0.995   0.997   104.705   
40   0.997   0.972   104.546   
41   0.987   0.947   104.280   
42   0.969   0.935   103.923   
43   0.951   0.944   103.508   
44   0.943   0.967   103.088   
45   0.950   0.992   102.717   
46   0.968   1.006   102.437   
47   0.987   1.005   102.270   
48   0.999   0.990   102.227   
49   0.997   0.966   102.314   
50   0.984   0.945   102.532   
51   0.963   0.939   102.874   
52   0.946   0.951   103.302   
53   0.942   0.972   103.759   
54   0.953   0.992   104.187   
55   0.973   1.002   104.542   
56   0.991   0.997   104.799   
57   0.999   0.980   104.943   
58   0.994   0.959   104.964   
59   0.976   0.945   104.856   
60   0.955   0.944   104.626   
61   0.942   0.958   104.299   
62   0.943   0.978   103.916   
63   0.959   0.993   103.526   
64   0.981   0.998   103.162   
65   0.997   0.991   102.852   
66   1.001   0.974   102.611   
67   0.992   0.957   102.458   
68   0.972   0.947   102.413   
69   0.952   0.950   102.487   
70   0.942   0.964   102.680   
71   0.947   0.981   102.966   
72   0.965   0.992   103.307   
73   0.986   0.993   103.663   
74   0.999   0.984   103.997   
75   0.999   0.968   104.290   
76   0.986   0.954   104.523   
77   0.965   0.948   104.679   
78   0.946   0.954   104.754   
79   0.940   0.968   104.746   
80   0.950   0.982   104.663   
81   0.971   0.989   104.509   
82   0.990   0.987   104.294   
83   1.000   0.978   104.033   
84   0.996   0.964   103.747   
85   0.980   0.955   103.466   
86   0.959   0.953   103.233   
87   0.943   0.960   103.083   
88   0.942   0.972   103.041   
89   0.956   0.983   103.102   
90   0.978   0.986   103.247   
91   0.995   0.983   103.448   
92   1.001   0.973   103.684   
93   0.992   0.962   103.938   
94   0.973   0.955   104.199   
95   0.952   0.956   104.455   
96   0.940   0.964   104.685   
97   0.944   0.973   104.862   
98   0.962   0.980   104.961   
99   0.983   0.982   104.968   
100   0.998   0.977   104.879   
101   0.999   0.969   104.698   
102   0.987   0.961   104.438   
103   0.966   0.958   104.132   
104   0.947   0.961   103.812   
105   0.940   0.968   103.516   
106   0.949   0.975   103.273   
107   0.970   0.980   103.095   
108   0.991   0.980   102.989   
109   1.002   0.975   102.951   
110   0.999   0.968   102.983   
111   0.982   0.962   103.093   
112   0.960   0.961   103.286   
113   0.943   0.964   103.553   
114   0.940   0.969   103.863   
115   0.954   0.975   104.168   
116   0.977   0.977   104.426   
117   0.996   0.976   104.607   
118   1.002   0.972   104.699   
119   0.994   0.967   104.701   
120   0.974   0.963   104.624   
121   0.952   0.963   104.481   
122   0.939   0.966   104.288   
123   0.943   0.970   104.061   
124   0.961   0.974   103.813   
125   0.985   0.975   103.564   
126   1.001   0.974   103.329   
127   1.003   0.972   103.124   
128   0.990   0.969   102.976   
129   0.968   0.966   102.909   
130   0.946   0.966   102.948   
131   0.938   0.967   103.098   
132   0.947   0.970   103.334   
133   0.969   0.972   103.616   
134   0.991   0.973   103.903   
135   1.003   0.972   104.163   
136   1.000   0.971   104.375   
137   0.983   0.969   104.532   
138   0.960   0.968   104.635   
139   0.941   0.967   104.682   
140   0.938   0.966   104.667   
141   0.953   0.967   104.579   
142   0.976   0.969   104.419   
143   0.996   0.971   104.195   
144   1.004   0.972   103.921   
145   0.996   0.973   103.615   
146   0.977   0.972   103.317   
147   0.954   0.971   103.063   
148   0.940   0.968   102.890   
149   0.942   0.967   102.817   
150   0.960   0.966   102.844   
151   0.983   0.968   102.951   
152   1.000   0.970   103.114   
153   1.003   0.973   103.316   
154   0.992   0.975   103.551   
155   0.970   0.974   103.812   
156   0.948   0.971   104.095   
157   0.938   0.967   104.377   
158   0.945   0.963   104.623   
159   0.966   0.962   104.791   
160   0.988   0.965   104.859   
161   1.001   0.970   104.824   
162   1.000   0.974   104.698   
163   0.985   0.977   104.498   
164   0.962   0.976   104.251   
165   0.944   0.971   103.982   
166   0.939   0.965   103.717   
167   0.952   0.961   103.473   
168   0.974   0.961   103.268   
169   0.994   0.966   103.114   
170   1.002   0.972   103.025   
171   0.997   0.978   103.010   
172   0.979   0.980   103.083   
173   0.956   0.977   103.251   
174   0.941   0.970   103.505   
175   0.942   0.963   103.815   
176   0.958   0.958   104.135   
177   0.980   0.959   104.417   
178   0.996   0.966   104.638   
179   1.000   0.974   104.779   
180   0.990   0.981   104.839   
181   0.970   0.982   104.818   
182   0.950   0.977   104.721   
183   0.940   0.968   104.550   
184   0.946   0.959   104.316   
185   0.965   0.955   104.033   
186   0.986   0.959   103.724   
187   0.999   0.969   103.415   
188   0.999   0.979   103.124   
189   0.986   0.986   102.881   
190   0.966   0.985   102.706   
191   0.948   0.977   102.625   
192   0.943   0.966   102.649   
193   0.953   0.956   102.774   
194   0.972   0.954   102.974   
195   0.990   0.961   103.218   
196   0.999   0.972   103.477   
197   0.995   0.983   103.731   
198   0.979   0.988   103.963   
199   0.960   0.985   104.164   
