# time[fs] length[A] length[A] angle[deg]
    0   0.957   0.957   104.512
   10   0.979   0.955   97.813
   20   0.987   0.962   113.825
   30   0.991   0.996   97.247
   40   0.966   1.000   107.963
   50   0.953   0.996   106.692
   60   0.960   0.981   98.735
   70   0.967   0.950   112.460
   80   0.987   0.954   97.123
   90   0.978   0.960   107.706
  100   0.965   0.984   103.616
  110   0.963   0.995   98.724
  120   0.964   0.984   109.317
  130   0.986   0.975   95.136
  140   0.982   0.954   107.799
  150   0.974   0.963   100.489
  160   0.965   0.973   101.747
  170   0.958   0.980   108.395
  180   0.977   0.981   97.585
  190   0.982   0.961   110.727
  200   0.989   0.963   100.453
  210   0.975   0.967   105.740
  220   0.962   0.975   107.367
  230   0.963   0.980   99.447
  240   0.967   0.964   110.730
  250   0.985   0.964   98.995
  260   0.982   0.964   106.895
  270   0.977   0.976   103.576
  280   0.969   0.985   100.003
  290   0.963   0.973   107.474
  300   0.975   0.967   96.461
  310   0.974   0.958   107.095
  320   0.977   0.971   99.809
  330   0.968   0.983   103.193
  340   0.965   0.984   106.068
  350   0.973   0.982   99.398
  360   0.972   0.965   109.672
  370   0.976   0.966   99.866
  380   0.964   0.967   107.380
  390   0.961   0.977   104.821
  400   0.969   0.981   102.006
  410   0.974   0.974   109.113
  420   0.983   0.974   99.171
  430   0.970   0.968   108.119
  440   0.963   0.975   101.121
  450   0.962   0.974   102.928
  460   0.968   0.973   104.898
  470   0.984   0.973   98.084
  480   0.980   0.970   107.006
  490   0.978   0.979   98.236
  500   0.967   0.974   105.623
  510   0.966   0.970   103.027
  520   0.972   0.963   102.215
  530   0.975   0.961   107.897
  540   0.981   0.975   99.976
  550   0.973   0.977   108.914
  560   0.974   0.979   101.980
  570   0.972   0.968   105.218
  580   0.972   0.959   106.253
  590   0.973   0.965   100.755
  600   0.969   0.970   108.231
  610   0.976   0.981   99.319
  620   0.976   0.976   105.711
  630   0.981   0.970   101.496
  640   0.975   0.968   101.089
  650   0.966   0.967   105.157
  660   0.965   0.977   98.551
  670   0.966   0.975   107.055
  680   0.979   0.977   100.289
  690   0.978   0.973   105.547
  700   0.972   0.973   104.809
  710   0.964   0.975   102.171
  720   0.959   0.970   108.340
  730   0.971   0.972   100.666
  740   0.974   0.969   107.919
  750   0.977   0.976   102.837
  760   0.971   0.979   103.877
  770   0.963   0.977   105.992
  780   0.968   0.974   99.948
  790   0.969   0.964   106.700
  800   0.977   0.970   98.959
