# time[fs] length[A] length[A] length[A] length[A] angle[deg] angle[deg] angle[deg]
    0   1.090   1.090   1.090   109.471   109.471   109.471
   10   1.073   1.090   1.063   106.507   103.017   110.387
   20   1.072   1.077   1.055   112.145   119.247   107.843
   30   1.076   1.089   1.076   107.505   104.922   110.148
   40   1.092   1.096   1.091   109.248   109.519   109.422
   50   1.107   1.101   1.108   110.968   114.805   109.017
   60   1.108   1.107   1.120   107.096   104.567   109.661
   70   1.108   1.103   1.114   111.798   111.758   108.631
   80   1.109   1.096   1.111   107.056   111.492   110.360
   90   1.101   1.090   1.112   111.693   105.236   107.365
  100   1.099   1.088   1.100   109.087   112.849   110.898
  110   1.098   1.085   1.101   107.248   109.325   108.716
  120   1.094   1.097   1.094   115.374   105.880   107.925
  130   1.098   1.106   1.086   103.544   114.741   112.169
  140   1.097   1.108   1.093   113.252   105.664   106.818
  150   1.095   1.120   1.085   111.633   110.203   110.909
  160   1.102   1.113   1.085   103.997   112.802   109.515
  170   1.092   1.108   1.089   117.270   104.646   108.149
  180   1.091   1.100   1.086   104.964   114.347   111.419
  190   1.094   1.081   1.091   110.072   107.646   107.514
  200   1.085   1.079   1.096   114.178   109.367   110.072
  210   1.098   1.074   1.099   102.943   112.839   109.928
  220   1.099   1.077   1.113   115.486   105.847   108.091
  230   1.104   1.094   1.118   108.597   113.196   109.867
  240   1.115   1.101   1.122   107.127   106.276   110.387
  250   1.111   1.108   1.122   114.676   111.390   107.205
  260   1.108   1.117   1.110   105.850   109.749   111.366
  270   1.104   1.117   1.098   110.241   106.706   110.717
  280   1.090   1.114   1.089   112.440   114.509   106.170
  290   1.086   1.115   1.075   105.016   104.514   115.381
  300   1.087   1.103   1.072   112.672   112.919   106.016
  310   1.080   1.104   1.081   109.035   110.794   110.563
  320   1.096   1.098   1.087   106.418   105.818   114.813
  330   1.102   1.091   1.101   114.263   115.092   102.745
  340   1.104   1.092   1.111   105.497   106.750   116.080
  350   1.115   1.086   1.110   110.959   109.778   108.487
  360   1.108   1.081   1.120   111.222   112.559   107.153
  370   1.108   1.082   1.112   106.066   105.854   115.952
  380   1.105   1.082   1.106   113.819   111.793   103.942
  390   1.096   1.087   1.105   106.346   110.171   113.199
  400   1.096   1.097   1.095   111.184   106.546   110.525
  410   1.094   1.107   1.096   110.526   112.357   106.559
  420   1.095   1.116   1.097   106.823   108.774   113.691
  430   1.097   1.128   1.092   113.890   107.484   107.001
  440   1.096   1.127   1.093   104.858   114.243   110.586
  450   1.094   1.120   1.094   112.878   105.835   110.513
  460   1.093   1.113   1.089   109.730   111.045   108.170
  470   1.096   1.091   1.090   106.140   113.552   110.572
  480   1.091   1.086   1.089   115.676   104.091   109.430
  490   1.096   1.077   1.088   104.245   115.858   109.176
  500   1.101   1.071   1.100   112.548   108.072   109.685
  510   1.104   1.087   1.102   111.407   108.050   109.706
  520   1.116   1.088   1.108   105.121   115.706   108.347
  530   1.111   1.098   1.117   115.099   103.919   110.999
  540   1.111   1.110   1.110   106.579   113.363   108.201
  550   1.108   1.106   1.110   109.842   109.978   109.955
  560   1.095   1.114   1.102   112.522   106.878   109.935
  570   1.091   1.113   1.093   105.892   113.208   108.470
  580   1.084   1.108   1.092   112.069   106.951   111.800
  590   1.082   1.110   1.087   109.951   110.677   106.843
  600   1.088   1.106   1.087   106.894   109.726   113.058
  610   1.093   1.102   1.091   112.656   109.343   108.023
  620   1.095   1.105   1.094   107.821   110.001   109.496
  630   1.108   1.095   1.095   108.774   109.690   113.673
  640   1.106   1.091   1.101   112.519   109.948   104.398
  650   1.106   1.088   1.097   105.809   109.422   115.248
  660   1.111   1.078   1.096   112.302   110.559   107.551
  670   1.101   1.081   1.103   109.425   108.669   108.411
  680   1.107   1.084   1.097   107.828   110.421   114.734
  690   1.104   1.089   1.105   112.770   109.244   104.024
  700   1.101   1.103   1.106   106.981   109.379   113.572
  710   1.105   1.111   1.105   111.597   109.842   109.795
  720   1.097   1.117   1.111   109.178   108.983   106.787
  730   1.096   1.120   1.103   108.965   110.094   114.110
  740   1.092   1.117   1.100   111.187   108.657   107.155
  750   1.087   1.111   1.096   107.265   111.102   109.988
  760   1.083   1.105   1.087   112.001   108.399   112.551
  770   1.087   1.095   1.084   107.462   110.468   106.780
  780   1.089   1.088   1.086   110.069   110.984   111.425
  790   1.098   1.090   1.087   110.853   107.708   111.217
  800   1.109   1.085   1.094   106.515   113.095   106.287
